TechID:22
Date:2020-12-22 Time:11:42:45.154
Profile Type:SophionMH
Profile Name:testProfile2
Submit Address:/jsonsubmit
Size Min:10.0
Size Max:700.0
Circularity Min:0.5
Circularity Max:1.0
Distance:1.0
Known:1.0
Pixel:1.0
enterMin:0.0
enterMax:5000.0
exitMin:0.0
exitMax:5000.0
lowerThreshold:0.0
upperThreshold:120.0
holeCount:5

Data for hole: FrontTopLeft
  16.492422502470642
  8.246211251235321
  8.246211251235321
  8.54400374531753
  8.246211251235321
  10.0
  8.94427190999916
  10.0
  8.246211251235321
  8.54400374531753
  8.246211251235321
  8.94427190999916

Data for hole: FrontTopRight
  15.033296378372908
  16.278820596099706
  6.324555320336759
  22.20360331117452
  8.246211251235321
  5.0
  12.083045973594572
  6.708203932499369
  7.211102550927978
  6.708203932499369
  6.324555320336759
  10.0
  10.0
  17.0
  8.54400374531753
  6.708203932499369
  6.4031242374328485
  4.47213595499958
  7.211102550927978
  10.198039027185569
  6.4031242374328485
  7.211102550927978

Data for hole: FrontCenter
  7.0710678118654755
  7.280109889280518
  12.36931687685298
  5.0
  9.899494936611665
  5.830951894845301
  5.0
  5.830951894845301
  6.082762530298219
  13.0
  8.54400374531753
  5.830951894845301
  9.219544457292887
  5.0

Data for hole: FrontBottomLeft
  8.06225774829855
  6.324555320336759
  11.180339887498949
  5.656854249492381
  25.495097567963924
  11.180339887498949
  11.180339887498949
  9.219544457292887
  5.0990195135927845
  9.433981132056603
  5.830951894845301
  8.94427190999916
  8.54400374531753
  12.165525060596439
  7.280109889280518
  7.0710678118654755
  7.211102550927978
  14.422205101855956
  7.211102550927978
  6.4031242374328485
  8.602325267042627

Data for hole: FrontBottomRight
  26.476404589747453
  8.54400374531753
  11.180339887498949
  5.385164807134504
  9.219544457292887
  7.280109889280518
  19.697715603592208
  6.4031242374328485
  5.830951894845301
  8.246211251235321
  5.830951894845301
  5.830951894845301
  5.656854249492381
  8.54400374531753
  6.4031242374328485
  4.47213595499958
  5.656854249492381
  6.708203932499369
  5.0
  5.830951894845301
  8.94427190999916

Data for hole: BackTopLeft
  11.704699910719626
  11.661903789690601
  10.295630140987
  8.246211251235321
  5.830951894845301
  6.4031242374328485
  7.615773105863909

Data for hole: BackTopRight
  7.280109889280518
  9.433981132056603
  9.219544457292887
  8.94427190999916
  5.0
  8.246211251235321
  8.246211251235321
  13.45362404707371
  9.219544457292887
  6.4031242374328485
  8.54400374531753
  5.385164807134504
  6.4031242374328485
  6.324555320336759

Data for hole: BackCenter
  9.219544457292887
  5.0
  14.212670403551895
  5.0
  7.211102550927978
  7.810249675906654
  10.44030650891055
  14.422205101855956
  19.313207915827967
  7.615773105863909
  5.385164807134504
  5.656854249492381
  14.422205101855956
  5.0
  9.433981132056603

Data for hole: BackBottomRight
  11.661903789690601
  7.0710678118654755
  5.0
  11.40175425099138
  8.94427190999916
  7.810249675906654
  4.47213595499958
  8.94427190999916
  8.246211251235321
  6.324555320336759
  10.295630140987
  8.246211251235321
  5.656854249492381
  5.830951894845301
  4.47213595499958
  7.615773105863909

Data for hole: BackBottomLeft
  25.079872407968907
  6.324555320336759
  22.20360331117452
  17.69180601295413
  5.830951894845301
  5.830951894845301
  5.0
  5.385164807134504
  9.433981132056603
  7.211102550927978
  7.211102550927978
  8.54400374531753
  8.94427190999916
  9.486832980505138
  8.94427190999916
  7.0710678118654755
  11.40175425099138
  6.4031242374328485
  7.211102550927978
  5.385164807134504
  6.4031242374328485
  9.219544457292887
  8.246211251235321